100
300
 I'm going to put more uplift and more diffusion
uplift is: 6.000000000000001e-05
diffusion is:0.010000000000000002
bedrock erodibility is:1e-05
0
307063.312331
1
307065.567555
2
307077.270665
3
307142.818321
4
307212.234355
5
307285.133492
6
307361.105325
7
307439.794645
8
307520.836504
9
307603.844189
10
307688.564939
11
307774.984668
12
307862.791653
13
307952.051587
14
308042.581246
15
308134.294327
16
308227.246945
17
308321.292361
18
308416.281909
19
308512.15137
20
308609.020202
21
308706.616739
22
308805.109451
23
308904.583872
24
309004.852368
25
309105.783852
26
309207.3001
27
309309.403559
28
309412.088971
29
309515.367672
30
309619.297396
31
309723.740591
32
309828.694633
33
309934.118099
34
310039.993257
35
310146.237905
36
310252.981695
37
310360.014429
38
310467.276314
39
310574.88075
40
310682.547633
41
310790.600056
42
310899.009579
43
311007.809852
44
311116.903694
45
311226.554278
46
311336.377056
47
311446.423811
48
311556.644745
49
311666.951998
50
311777.456731
51
311888.192896
52
311998.715607
53
312109.483896
54
312220.445751
55
312331.624586
56
312443.025534
57
312554.617641
58
312666.359982
59
312778.235831
60
312890.253236
61
313003.071797
62
313116.107211
63
313229.297537
64
313342.683947
65
313456.153964
66
313569.633349
67
313683.269016
68
313796.998914
69
313910.850954
70
314024.867474
71
314138.970356
72
314253.253955
73
314366.626848
74
314480.099738
75
314593.602265
76
314707.212056
77
314820.953403
78
314934.79321
79
315048.698127
80
315162.681127
81
315276.740273
82
315390.815883
83
315504.996502
84
315619.255831
85
315733.580631
86
315847.965809
87
315962.432133
88
316076.939289
89
316191.529511
90
316306.204059
91
316420.930924
92
316535.722467
93
316650.632541
94
316765.629442
95
316880.700071
96
316995.841687
97
317111.050037
98
317226.327798
99
317341.573661
100
317456.878391
101
317572.202902
102
317687.54806
103
317802.875846
104
317918.255153
105
318033.690587
106
318149.17621
107
318264.69345
108
318380.245082
109
318495.835642
110
318611.414539
111
318727.031856
112
318842.689611
113
318958.361613
114
319074.066915
115
319189.795698
116
319305.575099
117
319421.412637
118
319537.236381
119
319653.081757
120
319768.963989
121
319884.891249
122
320000.863319
123
320116.852532
124
320232.891555
125
320348.943449
126
320465.000462
127
320581.047056
128
320697.134502
129
320813.216344
130
320929.289222
131
321045.392971
132
321161.51123
133
321277.634966
134
321393.770241
135
321509.919107
136
321626.092578
137
321742.268236
138
321858.421609
139
321974.617598
140
322090.796554
141
322206.988756
142
322323.216068
143
322439.44678
144
322555.676098
145
322671.889879
146
322788.102807
147
322904.303174
148
323020.029922
149
323135.730019
150
323251.458437
151
323367.200882
152
323482.918789
153
323598.647714
154
323714.31154
155
323829.928152
156
323945.523021
157
324061.123918
158
324176.717145
159
324292.318262
160
324407.916514
161
324523.497786
162
324639.081398
163
324754.678526
164
324870.258744
165
324985.590064
166
325100.943286
167
325216.284239
168
325331.602035
169
325446.802895
170
325561.99686
171
325677.192159
172
325792.381915
173
325907.551923
174
326022.726259
175
326137.901488
176
326253.072457
177
326368.241475
178
326483.383982
179
326598.537464
180
326713.697666
181
326828.845969
182
326943.984955
183
327059.12617
184
327174.268915
185
327289.403584
186
327404.523706
187
327519.656182
188
327634.780164
189
327749.919879
190
327864.792675
191
327979.675705
192
328094.563794
193
328209.45977
194
328324.133544
195
328438.806005
196
328553.481113
197
328668.145896
198
328782.807706
199
328897.462953
200
329012.102794
201
329126.712438
202
329241.301407
203
329355.881829
204
329470.453494
205
329584.958774
206
329699.474512
207
329813.977957
208
329928.467313
209
330042.95615
210
330157.435839
211
330271.900599
212
330386.370177
213
330500.833744
214
330615.292523
215
330729.73853
216
330844.185997
217
330958.626095
218
331072.981662
219
331187.328058
220
331301.660349
221
331415.982323
222
331530.293614
223
331644.566424
224
331758.833626
225
331872.834602
226
331986.83558
227
332100.824336
228
332214.794872
229
332328.717816
230
332442.625163
231
332556.510036
232
332670.391488
233
332784.251681
234
332898.110746
235
333011.978785
236
333125.852423
237
333239.699319
238
333353.524325
239
333467.329591
240
333581.122275
241
333694.905963
242
333808.684163
243
333922.456881
244
334036.226118
245
334149.99034
246
334263.746931
247
334377.520316
248
334491.300985
249
334605.052758
250
334718.736593
251
334832.424169
252
334946.091733
253
335059.741329
254
335173.389727
255
335287.051463
256
335400.694618
257
335514.335726
258
335627.971497
259
335741.606148
260
335855.24107
261
335968.873748
262
336082.504161
263
336196.109822
264
336309.716062
265
336423.298048
266
336536.884297
267
336650.46469
268
336764.038719
269
336877.605505
270
336991.167929
271
337104.716133
272
337218.265854
273
337331.795917
274
337445.340099
275
337558.856396
276
337672.382375
277
337785.906783
278
337899.440419
279
338012.871998
280
338126.300339
281
338239.692367
282
338353.078507
283
338466.466204
284
338579.838461
285
338693.210996
286
338806.575354
287
338919.933957
288
339033.272216
289
339146.614171
290
339259.963116
291
339373.312725
292
339486.661433
293
339600.005825
294
339713.346209
295
339826.680412
296
339940.004599
297
340053.314084
298
340166.622977
299
340279.914872
300
340393.185874
301
340506.451517
302
340619.715663
303
340732.977388
304
340846.234823
305
340959.485959
306
341072.724797
307
341185.941973
308
341299.162126
309
341412.371715
310
341525.553124
311
341638.717339
312
341751.85854
313
341864.988302
314
341978.102273
315
342091.21749
316
342204.309905
317
342317.362336
318
342430.401354
319
342543.433237
320
342656.448675
321
342769.452156
322
342882.418548
323
342995.337885
324
343108.196075
325
343221.036455
326
343333.843759
327
343446.646322
328
343559.435201
329
343672.216136
330
343784.971408
331
343897.710888
332
344010.432829
333
344123.126095
334
344235.805078
335
344348.479363
336
344461.075712
337
344573.381129
338
344685.678832
339
344797.970094
340
344910.246663
341
345022.517136
342
345134.762129
343
345247.003864
344
345359.226732
345
345471.428252
346
345583.619001
347
345695.785886
348
345807.946968
349
345920.088649
350
346032.223734
351
346144.349335
352
346256.435036
353
346368.503623
354
346480.537508
355
346592.55803
356
346704.529426
357
346816.490669
358
346928.415058
359
347040.323637
360
347152.205633
361
347264.059563
362
347375.903597
363
347487.733869
364
347599.548881
365
347711.352939
366
347823.134606
367
347934.88724
368
348046.624953
369
348158.333684
370
348270.033822
371
348381.711453
372
348493.362384
373
348605.000036
374
348716.622643
375
348828.224262
376
348939.815444
377
349051.37496
378
349162.920567
379
349274.449041
380
349385.933448
381
349497.399688
382
349608.845173
383
349720.249647
384
349831.639211
385
349943.003498
386
350054.359412
387
350165.693771
388
350277.007954
389
350388.308383
390
350499.589255
391
350610.852721
392
350722.103396
393
350833.342013
394
350944.563161
395
351055.764177
396
351166.942589
397
351278.073466
398
351389.176638
399
351500.262836
400
351611.332216
401
351722.385562
402
351833.428635
403
351944.459017
404
352055.463747
405
352166.444105
406
352277.400513
407
352388.323818
408
352499.21012
409
352610.085185
410
352720.94169
411
352831.777776
412
352942.593855
413
353053.386113
414
353164.031386
415
353274.674293
416
353385.293235
417
353495.884013
418
353606.445347
419
353716.948147
420
353827.433912
421
353937.916719
422
354048.387711
423
354158.837563
424
354269.257857
425
354379.658889
426
354490.050873
427
354600.373003
428
354710.674185
429
354820.946332
430
354931.203447
431
355041.444822
432
355151.673109
433
355261.877306
434
355372.070718
435
355482.243124
436
355592.386669
437
355702.518458
438
355812.628552
439
355922.712251
440
356032.759415
441
356142.794345
442
356252.803918
443
356362.777637
444
356472.728634
445
356582.650795
446
356692.555372
447
356802.44718
448
356912.318005
449
357022.173627
450
357132.021622
451
357241.834359
452
357351.63629
453
357461.428322
454
357571.213747
455
357680.965673
456
357790.696547
457
357900.38731
458
358010.067729
459
358119.73377
460
358229.385512
461
358339.023401
462
358448.634618
463
358558.226646
464
358667.811449
465
358777.385417
466
358886.94104
467
358996.469762
468
359105.985719
469
359215.482197
470
359324.969207
471
359434.443545
472
359543.901975
473
359653.341593
474
359762.740388
475
359872.116934
476
359981.464446
477
360090.788066
478
360200.091446
479
360309.374582
480
360418.645016
481
360527.88947
482
360637.098773
483
360746.294083
484
360855.465194
485
360964.629981
486
361073.776507
487
361182.903028
488
361292.024784
489
361401.13004
490
361510.215429
491
361619.298007
492
361728.365702
493
361837.414398
494
361946.43597
495
362055.444226
496
362164.442066
497
362273.422152
498
362382.388922
499
362491.332821
500
362600.263661
501
362709.167864
502
362818.066034
503
362926.941061
504
363035.786864
505
363144.624174
506
363253.459641
507
363362.279871
508
363471.074936
509
363579.857609
510
363688.623772
511
363797.377023
512
363906.119838
513
364014.855726
514
364123.568372
515
364232.265619
516
364340.949561
517
364449.608443
518
364558.2519
519
364666.861536
520
364775.460435
521
364884.05376
522
364992.624783
523
365101.190333
524
365209.746075
525
365318.275177
526
365426.795615
527
365535.283999
528
365643.752792
529
365752.200903
530
365860.634353
531
365969.056392
532
366077.458151
533
366185.832561
534
366294.173718
535
366402.499525
536
366510.803913
537
366619.09575
538
366727.360316
539
366835.608212
540
366943.840032
541
367052.05227
542
367160.240182
543
367268.415938
544
367376.571968
545
367484.69667
546
367592.80078
547
367700.889201
548
367808.96177
549
367917.002604
550
368025.027133
551
368133.110436
552
368241.17753
553
368349.164483
554
368457.203609
555
368565.222035
556
368673.209629
557
368781.177093
558
368889.118942
559
368997.04671
560
369104.959534
561
369212.849434
562
369320.729737
563
369428.592617
564
369536.441769
565
369644.270891
566
369752.088308
567
369859.894013
568
369967.680633
569
370075.448537
570
370183.203358
571
370290.94213
572
370397.628286
573
370504.279752
574
370610.922806
575
370717.546414
576
370824.150982
577
370930.703863
578
371037.243891
579
371143.74473
580
371250.232752
581
371354.977331
582
371459.74425
583
371564.511755
584
371669.222928
585
371773.902434
586
371878.529553
587
371983.133293
588
372087.669079
589
372192.182477
590
372296.632085
591
372401.038374
592
372505.380378
593
372609.66385
594
372713.890885
595
372818.0702
596
372922.204982
597
373026.30527
598
373130.36589
599
373234.374742
600
373338.32875
601
373442.22847
602
373546.088122
603
373649.894832
604
373753.651632
605
373857.360847
606
373961.018145
607
374064.63898
608
374168.215798
609
374271.754231
610
374375.252972
611
374478.717741
612
374582.12588
613
374685.497697
614
374788.727742
615
374891.977718
616
374995.115202
617
375098.206585
618
375201.215774
619
375304.176875
620
375407.145987
621
375510.038718
622
375612.90153
623
375715.754418
624
375818.538989
625
375921.31186
626
376023.813717
627
376126.244344
628
376228.669622
629
376331.04688
630
376433.408344
631
376535.718668
632
376638.01752
633
376740.279272
634
376842.517477
635
376944.716458
636
377046.88281
637
377148.985942
638
377251.009606
639
377352.995215
640
377454.958435
641
377556.874843
642
377658.764551
643
377760.616555
644
377862.438474
645
377964.197338
646
378065.910234
647
378167.578078
648
378269.199847
649
378370.812294
650
378472.390304
651
378573.952128
652
378675.482482
653
378776.973901
654
378878.42865
655
378979.854685
656
379081.261051
657
379182.612108
658
379283.939106
659
379385.218064
660
379486.448169
661
379587.650804
662
379688.80848
663
379789.936579
664
379891.014592
665
379992.067295
666
380093.091574
667
380194.055151
668
380294.980489
669
380395.877519
670
380496.734059
671
380597.565569
672
380698.380762
673
380799.169721
674
380899.907253
675
381000.609868
676
381101.276885
677
381201.892675
678
381302.472031
679
381403.005563
680
381503.511845
681
381604.007843
682
381704.461616
683
381804.878294
684
381905.266097
685
382005.620355
686
382105.924848
687
382206.200328
688
382306.448161
689
382406.664659
690
382506.847563
691
382607.000391
692
382707.119217
693
382807.205743
694
382907.272249
695
383007.312002
696
383107.325239
697
383207.305704
698
383307.257203
699
383407.16209
700
383507.037218
701
383606.886602
702
383706.712156
703
383806.513347
704
383906.278968
705
384006.009348
706
384105.707253
707
384205.367417
708
384304.993153
709
384404.580901
710
384504.153759
711
384603.70167
712
384703.218809
713
384802.708777
714
384902.163568
715
385001.579676
716
385100.954439
717
385200.30829
718
385299.631384
719
385398.923892
720
385498.186927
721
385597.411201
722
385696.606703
723
385795.78449
724
385894.93615
725
385994.054607
726
386093.150607
727
386192.212193
728
386291.236094
729
386390.198357
730
386489.123749
731
386588.013867
732
386686.876038
733
386785.711112
734
386884.520388
735
386983.23367
736
387081.908162
737
387180.551805
738
387279.155127
739
387377.726934
740
387476.262806
741
387574.76929
742
387673.248832
743
387771.694568
744
387870.123069
745
387968.525243
746
388066.895495
747
388165.233547
748
388263.548243
749
388361.808662
750
388460.036515
751
388558.241471
752
388656.424529
753
388754.570271
754
388852.687902
755
388950.779718
756
389048.846874
757
389146.888785
758
389244.895413
759
389342.8546
760
389440.787998
761
389538.6969
762
389636.573022
763
389734.417782
764
389832.237383
765
389930.032042
766
390027.805353
767
390125.548015
768
390223.258612
769
390320.932055
770
390418.562992
771
390516.16443
772
390613.740923
773
390711.198054
774
390808.617175
775
390905.987997
776
391003.349177
777
391100.687396
778
391197.988135
779
391295.260385
780
391392.507856
781
391489.724854
782
391586.916281
783
391684.069576
784
391781.202083
785
391878.287628
786
391975.347128
787
392072.375247
788
392169.373895
789
392266.335365
790
392363.282539
791
392460.195269
792
392557.095983
793
392653.972545
794
392750.818571
795
392847.630384
796
392944.422466
797
393041.166894
798
393137.896146
799
393234.605861
800
393331.282802
801
393427.943919
802
393524.59782
803
393621.21307
804
393717.810215
805
393814.387813
806
393910.944491
807
394007.469972
808
394103.953743
809
394200.410965
810
394296.841629
811
394393.251568
812
394489.630243
813
394585.972762
814
394682.287034
815
394778.575207
816
394874.833913
817
394971.069187
818
395067.28551
819
395163.469908
820
395259.626921
821
395355.762594
822
395451.868956
823
395547.93333
824
395643.972805
825
395739.987156
826
395835.981788
827
395931.953261
828
396027.891768
829
396123.813388
830
396219.68633
831
396315.522958
832
396411.337509
833
396507.130475
834
396602.882556
835
396698.602251
836
396794.294011
837
396889.963523
838
396985.612267
839
397081.234839
840
397176.829179
841
397272.382103
842
397367.903369
843
397463.405271
844
397558.880881
845
397654.329224
846
397749.745882
847
397845.112029
848
397940.447783
849
398035.637861
850
398130.805486
851
398225.948575
852
398321.068475
853
398416.166445
854
398511.237733
855
398606.289783
856
398701.299335
857
398796.283715
858
398889.313674
859
398982.344388
860
399075.358428
861
399168.31618
862
399261.235879
863
399354.098651
864
399446.909027
865
399539.665081
866
399632.358481
867
399724.995577
868
399817.568459
869
399910.083385
870
400002.546267
871
400094.947607
872
400187.28953
873
400279.57114
874
400371.817637
875
400463.990053
876
400556.109247
877
400648.179647
878
400740.207596
879
400832.156378
880
400924.058522
881
401015.884696
882
401107.667978
883
401199.399904
884
401291.08424
885
401382.683399
886
401474.239609
887
401565.770107
888
401657.233548
889
401748.467413
890
401837.010174
891
401925.621794
892
402014.245682
893
402102.81154
894
402191.349093
895
402279.798939
896
402368.201263
897
402456.530719
898
402544.734951
899
402632.844782
900
402720.871822
901
402808.829633
902
402896.699477
903
402984.485083
904
403072.183856
905
403159.813246
906
403247.357427
907
403334.862569
908
403422.260735
909
403509.57723
910
403596.822632
911
403683.995148
912
403771.091167
913
403858.124622
914
403945.0933
915
404032.006573
916
404118.838511
917
404205.60154
918
404292.28123
919
404378.91888
920
404465.49209
921
404551.963196
922
404638.37044
923
404724.705892
924
404810.982153
925
404897.18701
926
404983.323148
927
405069.38771
928
405155.402238
929
405241.323024
930
405327.179736
931
405412.978206
932
405498.717195
933
405584.403022
934
405670.021084
935
405755.567188
936
405841.040978
937
405926.443301
938
406011.79269
939
406097.071497
940
406182.285686
941
406267.438375
942
406352.518075
943
406437.543502
944
406522.493311
945
406607.385075
946
406692.196423
947
406776.953553
948
406861.653604
949
406946.301037
950
407030.899867
951
407115.435223
952
407199.916534
953
407284.328684
954
407368.675428
955
407452.929394
956
407537.121501
957
407621.261478
958
407705.325652
959
407789.33859
960
407873.29618
961
407957.198186
962
408041.041765
963
408124.835549
964
408208.556848
965
408292.224653
966
408375.830048
967
408459.381123
968
408542.880593
969
408626.306166
970
408709.682167
971
408792.953937
972
408876.174776
973
408959.321201
974
409042.417491
975
409125.465779
976
409208.433542
977
409291.329658
978
409374.174616
979
409456.977091
980
409539.71184
981
409622.387744
982
409705.016079
983
409787.591958
984
409870.09557
985
409952.541917
986
410034.946127
987
410117.272694
988
410199.464548
989
410281.596075
990
410363.671115
991
410445.703537
992
410527.679191
993
410609.578737
994
410691.423916
995
410773.197789
996
410854.932337
997
410936.617546
998
411018.253652
999
411099.826618
1000
411181.347233
1001
411262.780393
1002
411344.137547
1003
411425.431945
1004
411506.66351
1005
411587.831135
1006
411668.956583
1007
411750.041017
1008
411831.069643
1009
411911.429937
1010
411992.370185
1011
412072.615229
1012
412152.709703
1013
412232.726861
1014
412312.687023
1015
412392.612249
1016
412472.482579
1017
412552.384453
1018
412632.133385
1019
412711.866703
1020
412791.470946
1021
412871.121283
1022
412950.711329
1023
413030.213585
1024
413109.675217
1025
413189.070433
1026
413268.427123
1027
413347.712635
1028
413426.942445
1029
413506.125944
1030
413585.247106
1031
413664.320941
1032
413743.361167
1033
413822.330452
1034
413901.261445
1035
413980.124541
1036
414058.924916
1037
414137.684921
1038
414216.405727
1039
414295.072859
1040
414373.678751
1041
414452.183465
1042
414530.650693
1043
414609.065173
1044
414687.419099
1045
414765.718699
1046
414843.948319
1047
414922.136118
1048
415000.275411
1049
415078.356962
1050
415156.374852
1051
415234.333212
1052
415312.258131
1053
415390.132189
1054
415467.939458
1055
415545.69542
1056
415623.399181
1057
415701.049669
1058
415778.642204
1059
415856.17313
1060
415933.660634
1061
416011.092341
1062
416088.468232
1063
416165.776505
1064
416243.046668
1065
416320.235795
1066
416397.225412
1067
416474.056796
1068
416550.932219
1069
416627.674838
1070
416704.372305
1071
416781.023744
1072
416857.717308
1073
416934.273288
1074
417010.788559
1075
417087.33644
1076
417163.829787
1077
417240.185077
1078
417316.494665
1079
417392.839202
1080
417469.101111
1081
417545.307133
1082
417621.373431
1083
417697.404297
1084
417773.451739
1085
417849.45103
1086
417925.30196
1087
418001.212939
1088
418077.060584
1089
418152.776467
1090
418228.517943
1091
418304.126631
1092
418379.683162
1093
418455.273826
1094
418530.730024
1095
418606.215736
1096
418681.549542
1097
418756.908704
1098
418832.211081
1099
418907.357562
1100
418982.536559
1101
419057.572619
1102
419132.649609
1103
419207.585171
1104
419282.492566
1105
419357.444028
1106
419432.234494
1107
419507.054875
1108
419581.834796
1109
419656.477477
1110
419731.142003
1111
419805.756355
1112
419880.241674
1113
419954.758143
1114
420029.153469
1115
420103.560362
1116
420177.810026
1117
420252.016754
1118
420326.259088
1119
420400.349462
1120
420474.473309
1121
420548.461861
1122
420622.39244
1123
420696.256603
1124
420770.078417
1125
420843.857489
1126
420917.517311
1127
420991.196862
1128
421064.815315
1129
421138.320419
1130
421211.7811
1131
421285.184105
1132
421358.527073
1133
421431.80208
1134
421505.028527
1135
421578.211065
1136
421651.338504
1137
421724.421682
1138
421797.458736
1139
421870.446264
1140
421943.379779
1141
422016.258473
1142
422089.094509
1143
422161.879075
1144
422234.621995
1145
422307.317725
1146
422379.970189
1147
422452.562727
1148
422525.111809
1149
422597.605752
1150
422670.02661
1151
422742.396678
1152
422814.718246
1153
422886.978406
1154
422959.176038
1155
423031.321694
1156
423103.312079
1157
423175.238469
1158
423247.10704
1159
423318.905937
1160
423390.6635
1161
423462.385282
1162
423534.069231
1163
423605.71488
1164
423677.316794
1165
423748.853601
1166
423820.343361
1167
423891.78725
1168
423963.190818
1169
424034.546707
1170
424105.858611
1171
424177.13264
1172
424248.359941
1173
424319.543292
1174
424390.683988
1175
424461.777976
1176
424532.788805
1177
424603.756467
1178
424674.675962
1179
424745.560077
1180
424816.116008
1181
424886.644448
1182
424957.121111
1183
425027.401244
1184
425097.631093
1185
425167.304518
1186
425236.955452
1187
425306.426359
1188
425375.76524
1189
425445.064312
1190
425514.302005
1191
425583.531908
1192
425652.568753
1193
425721.558289
1194
425790.484035
1195
425859.29722
1196
425928.082437
1197
425996.756434
1198
426065.373734
1199
426133.951557
1200
426202.496101
1201
426270.953424
1202
426339.365381
1203
426407.739388
1204
426476.057107
1205
426544.325371
1206
426612.553084
1207
426680.686738
1208
426748.774596
1209
426816.795165
1210
426884.759169
1211
426952.6797
1212
427020.565078
1213
427088.401641
1214
427156.189749
1215
427223.937997
1216
427290.890545
1217
427357.796235
1218
427424.63958
1219
427491.464069
1220
427558.231362
1221
427624.951267
1222
427691.600261
1223
427758.189505
1224
427824.749127
1225
427891.252859
1226
427957.681391
1227
428024.08889
1228
428090.425086
1229
428156.688733
1230
428222.88033
1231
428289.046822
1232
428355.136206
1233
428421.197734
1234
428487.186085
1235
428553.136878
1236
428619.035073
1237
428684.863934
1238
428750.662454
1239
428816.367337
1240
428882.021582
1241
428947.637475
1242
429013.18835
1243
429078.669555
1244
429144.126096
1245
429209.519165
1246
429274.863525
1247
429340.156657
1248
429405.419089
1249
429470.620825
1250
429535.774193
1251
429600.874067
1252
429665.933019
1253
429730.942147
1254
429795.914005
1255
429860.833191
1256
429925.699993
1257
429990.516711
1258
430055.282758
1259
430120.002628
1260
430184.655859
1261
430249.258285
1262
430313.812659
1263
430378.319419
1264
430442.758428
1265
430507.146182
1266
430571.472886
1267
430635.754311
1268
430699.994496
1269
430764.19238
1270
430828.304076
1271
430892.352025
1272
430956.355194
1273
431020.290524
1274
431084.170743
1275
431148.01259
1276
431211.810969
1277
431275.564802
1278
431339.260961
1279
431402.893049
1280
431466.480826
1281
431530.022718
1282
431593.513648
1283
431656.955379
1284
431720.358132
1285
431783.719558
1286
431847.040554
1287
431910.314966
1288
431973.542171
1289
432036.719294
1290
432099.843701
1291
432162.928927
1292
432225.958295
1293
432288.957309
1294
432351.903602
1295
432414.803072
1296
432477.659461
1297
432540.474435
1298
432603.24265
1299
432665.976676
1300
432728.672832
1301
432791.305173
1302
432853.893701
1303
432916.45024
1304
432978.936609
1305
433041.373586
1306
433103.738648
1307
433166.043493
1308
433228.305348
1309
433290.526118
1310
433352.696957
1311
433414.818849
1312
433476.892537
1313
433538.931873
1314
433600.935591
1315
433662.897682
1316
433724.812344
1317
433786.681665
1318
433848.502548
1319
433910.27719
1320
433972.006649
1321
434033.690854
1322
434095.337315
1323
434156.938064
1324
434218.497855
1325
434280.020728
1326
434341.503072
1327
434402.942346
1328
434464.338446
1329
434525.68471
1330
434586.978554
1331
434648.212533
1332
434709.382211
1333
434770.521631
1334
434831.615173
1335
434892.668311
1336
434953.63104
1337
435014.564151
1338
435075.458158
1339
435136.308557
1340
435196.294209
1341
435256.224349
1342
435316.128696
1343
435376.008967
1344
435435.853565
1345
435495.658735
1346
435555.412073
1347
435615.124627
1348
435674.803464
1349
435734.4407
1350
435794.045886
1351
435853.600024
1352
435913.111604
1353
435972.578941
1354
436032.012254
1355
436091.38642
1356
436150.716689
1357
436210.007134
1358
436269.253735
1359
436328.438477
1360
436387.583522
1361
436446.674889
1362
436505.722006
1363
436564.725749
1364
436623.659159
1365
436682.547927
1366
436741.396091
1367
436800.161226
1368
436858.882691
1369
436917.559029
1370
436976.191677
1371
437034.776874
1372
437093.317768
1373
437151.809799
1374
437210.263981
1375
437268.675926
1376
437327.048414
1377
437385.383666
1378
437443.680656
1379
437501.937612
1380
437560.159323
1381
437618.349986
1382
437676.503056
1383
437734.618777
1384
437792.680578
1385
437850.695989
1386
437908.652891
1387
437966.57456
1388
438024.451798
1389
438082.280766
1390
438139.417968
1391
438196.521451
1392
438253.574772
1393
438310.596451
1394
438367.570526
1395
438424.493845
1396
438481.388824
1397
438538.234546
1398
438595.04309
1399
438651.801063
1400
438708.50724
1401
438765.143991
1402
438821.740696
1403
438878.297843
1404
438934.809448
1405
438991.285294
1406
439047.720597
1407
439104.117196
1408
439160.475788
1409
439216.781763
1410
439273.055768
1411
439329.289495
1412
439385.484564
1413
439441.637073
1414
439497.737487
1415
439553.790219
1416
439609.800774
1417
439665.772254
1418
439721.700234
1419
439777.584643
1420
439833.426943
1421
439889.23071
1422
439944.975713
1423
440000.68926
1424
440056.328824
1425
440111.924429
1426
440167.488995
1427
440223.012868
1428
440278.501886
1429
440333.951377
1430
440389.33476
1431
440444.686731
1432
440499.999424
1433
440555.263242
1434
440610.475373
1435
440665.660574
1436
440720.800223
1437
440775.894702
1438
440830.95746
1439
440885.982284
1440
440940.97454
1441
440995.942718
1442
441050.878147
1443
441105.777437
1444
441160.646455
1445
441215.477563
1446
441270.272029
1447
441325.041616
1448
441379.764625
1449
441434.428518
1450
441489.042263
1451
441543.611905
1452
441598.143755
1453
441652.637525
1454
441707.095626
1455
441761.520965
1456
441815.922327
1457
441870.289192
1458
441924.623944
1459
441978.915744
1460
442033.162662
1461
442087.370316
1462
442141.553276
1463
442195.694883
1464
442249.811908
1465
442303.88453
1466
442357.923293
1467
442411.917737
1468
442465.879107
1469
442519.79756
1470
442573.69283
1471
442627.555127
1472
442681.377304
1473
442735.173564
1474
442788.934873
1475
442842.660546
1476
442896.352312
1477
442950.012738
1478
443003.633265
1479
443057.223618
1480
443110.774495
1481
443164.300289
1482
443217.798709
1483
443271.260698
1484
443324.697153
1485
443378.109219
1486
443431.491631
1487
443484.819323
1488
443538.116647
1489
443591.382858
1490
443644.610703
1491
443697.816657
1492
443750.994649
1493
443804.139698
1494
443857.25364
1495
443910.334106
1496
443963.374414
1497
444016.391503
1498
444069.370672
1499
444122.317873
1500
444175.240204
1501
444228.115035
1502
444280.960384
1503
444333.773818
1504
444386.563754
1505
444439.327291
1506
444492.056046
1507
444544.765434
1508
444597.433791
1509
444650.079493
1510
444702.686084
1511
444755.266443
1512
444807.797889
1513
444860.300362
1514
444912.754408
1515
444965.17792
1516
445017.569481
1517
445069.922662
1518
445122.236251
1519
445174.524739
1520
445226.784279
1521
445279.009665
1522
445331.218568
1523
445383.383747
1524
445435.519775
1525
445487.630346
1526
445539.709851
1527
445591.769603
1528
445643.803076
1529
445695.808311
1530
445747.776898
1531
445799.725872
1532
445851.644256
1533
445903.514137
1534
445955.366793
1535
446007.172865
1536
446058.9112
1537
446110.646228
1538
446162.30194
1539
446213.959662
1540
446265.557826
1541
446317.117111
1542
446368.613412
1543
446420.072195
1544
446471.501293
1545
446522.910062
1546
446574.284486
1547
446625.6226
1548
446676.929827
1549
446728.201868
1550
446779.444138
1551
446830.664399
1552
446881.855857
1553
446933.003466
1554
446984.114601
1555
447035.203139
1556
447086.247414
1557
447137.27099
1558
447188.076457
1559
447238.812161
1560
447289.523418
1561
447340.218853
1562
447390.924414
1563
447441.542417
1564
447492.007085
1565
447542.401656
1566
447592.806679
1567
447643.070441
1568
447693.342557
1569
447743.674147
1570
447793.903208
1571
447844.139726
1572
447894.260291
1573
447944.38875
1574
447994.455265
1575
448044.544696
1576
448094.512956
1577
448144.45203
1578
448194.373995
1579
448244.270606
1580
448294.032084
1581
448343.774844
1582
448393.423784
1583
448443.139836
1584
448492.861909
1585
448542.482425
1586
448591.978599
1587
448641.512601
1588
448691.035277
1589
448740.41865
1590
448789.806645
1591
448839.277429
1592
448888.617566
1593
448937.971014
1594
448987.238095
1595
449036.579028
1596
449085.833594
1597
449134.976021
1598
449184.18045
1599
449233.26034
1600
449282.330201
1601
449331.428705
1602
449380.437579
1603
449429.343713
1604
449478.260646
1605
449527.098574
1606
449575.988144
1607
449624.76937
1608
449673.580923
1609
449722.306126
1610
449771.018435
1611
449819.745186
1612
449868.385342
1613
449917.026288
1614
449965.679927
1615
450014.260543
1616
450062.810906
1617
450111.390539
1618
450159.853048
1619
450208.290272
1620
450256.715486
1621
450305.114604
1622
450353.53815
1623
450401.874651
1624
450450.183433
1625
450498.468243
1626
450546.727398
1627
450594.961846
1628
450643.172427
1629
450691.360293
1630
450739.530893
1631
450787.673451
1632
450835.786462
1633
450883.878631
1634
450931.944137
1635
450979.979892
1636
451027.975934
1637
451075.946059
1638
451123.881115
1639
451171.787442
1640
451219.636579
1641
451267.484106
1642
451315.312833
1643
451363.095027
1644
451410.875209
1645
451458.610525
1646
451506.286795
1647
451553.927127
1648
451601.537352
1649
451649.151184
1650
451696.712728
1651
451744.244085
1652
451791.779521
1653
451839.242297
1654
451886.721246
1655
451934.174357
1656
451981.57568
1657
452028.963359
1658
452076.319455
1659
452123.686452
1660
452170.996545
1661
452218.27891
1662
452265.565245
1663
452312.798353
1664
452360.00292
1665
452407.175261
1666
452454.301593
1667
452501.405422
1668
452548.435183
1669
452595.51515
1670
452642.527172
1671
452689.5028
1672
452736.415907
1673
452783.259635
1674
452830.125228
1675
452876.970606
1676
452923.749323
1677
452970.550694
1678
453017.277917
1679
453063.993961
1680
453110.68292
1681
453157.403289
1682
453204.032783
1683
453250.612524
1684
453297.190792
1685
453343.732991
1686
453390.294184
1687
453436.833192
1688
453483.303331
1689
453529.788962
1690
453576.217567
1691
453622.624638
1692
453669.05109
1693
453715.406069
1694
453761.731079
1695
453808.070957
1696
453854.355654
1697
453900.623168
1698
453946.873704
1699
453993.107601
1700
454039.277938
1701
454085.451105
1702
454131.564747
1703
454177.662673
1704
454223.729446
1705
454269.776037
1706
454315.791865
1707
454361.784478
1708
454407.768743
1709
454453.680509
1710
454499.578473
1711
454545.459887
1712
454591.290121
1713
454637.10926
1714
454682.911302
1715
454728.667129
1716
454774.422149
1717
454820.131386
1718
454865.847615
1719
454911.520007
1720
454957.189808
1721
455002.82564
1722
455048.44541
1723
455094.040281
1724
455139.578219
1725
455185.109876
1726
455230.485164
1727
455275.832172
1728
455321.161159
1729
455366.473696
1730
455411.749732
1731
455457.004439
1732
455502.235744
1733
455547.439611
1734
455592.633153
1735
455637.811054
1736
455682.961031
1737
455728.083046
1738
455773.177403
1739
455818.244018
1740
455863.270708
1741
455908.290479
1742
455953.265964
1743
455998.226245
1744
456043.167389
1745
456088.090825
1746
456132.97694
1747
456177.844944
1748
456222.705921
1749
456267.531173
1750
456312.315108
1751
456357.097709
1752
456401.844317
1753
456446.577986
1754
456491.31109
1755
456536.013121
1756
456580.703983
1757
456625.374201
1758
456670.025347
1759
456714.648476
1760
456759.251152
1761
456803.834716
1762
456848.399879
1763
456892.929442
1764
456937.421329
1765
456981.894201
1766
457026.318813
1767
457070.749543
1768
457115.133651
1769
457159.445723
1770
457203.781626
1771
457248.095318
1772
457292.28768
1773
457336.46108
1774
457380.56905
1775
457424.715715
1776
457468.827366
1777
457512.921709
1778
457556.944031
1779
457601.008894
1780
457645.063583
1781
457689.104086
1782
457733.061683
1783
457777.005519
1784
457820.993085
1785
457864.900679
1786
457908.83971
1787
457952.700029
1788
457996.601498
1789
458040.421927
1790
458084.212196
1791
458128.038426
1792
458171.791714
1793
458215.525483
1794
458259.141833
1795
458302.741693
1796
458346.333599
1797
458389.927585
1798
458433.482325
1799
458477.015427
1800
458520.526871
1801
458564.021066
1802
458607.498227
1803
458650.95335
1804
458694.39092
1805
458737.811316
1806
458781.208022
1807
458824.58244
1808
458867.937569
1809
458911.265239
1810
458954.572144
1811
458997.4604
1812
459040.337132
1813
459083.197932
1814
459126.037373
1815
459168.858936
1816
459211.652947
1817
459254.428302
1818
459297.187692
1819
459339.935217
1820
459382.631789
1821
459425.303417
1822
459467.961864
1823
459510.588557
1824
459553.155378
1825
459595.711746
1826
459638.243971
1827
459680.752818
1828
459723.240395
1829
459765.700362
1830
459808.124566
1831
459850.53456
1832
459892.912363
1833
459935.265706
1834
459977.590988
1835
460019.834884
1836
460062.111456
1837
460104.321046
1838
460146.516413
1839
460188.699183
1840
460230.860794
1841
460273.001742
1842
460315.117633
1843
460357.215101
1844
460399.29593
1845
460441.358594
1846
460483.401606
1847
460525.423881
1848
460567.404849
1849
460609.363069
1850
460651.295597
1851
460693.215638
1852
460735.109574
1853
460776.974295
1854
460818.810394
1855
460860.634143
1856
460902.431776
1857
460944.202201
1858
460985.946862
1859
461027.670804
1860
461069.379931
1861
461111.028454
1862
461152.626582
1863
461194.233689
1864
461235.811266
1865
461277.350496
1866
461318.880969
1867
461360.388166
1868
461401.896627
1869
461443.36968
1870
461484.829304
1871
461526.238846
1872
461567.602538
1873
461608.971972
1874
461650.301511
1875
461691.625751
1876
461732.927938
1877
461774.16794
1878
461815.41589
1879
461855.671383
1880
461895.935116
1881
461936.217019
1882
461976.391412
1883
462016.510599
1884
462056.602992
1885
462096.673611
1886
462136.718705
1887
462176.756234
1888
462216.754844
1889
462256.724797
1890
462296.685267
1891
462336.620656
1892
462376.541145
1893
462416.416635
1894
462456.231183
1895
462495.999557
1896
462535.733283
1897
462575.363005
1898
462614.978106
1899
462654.600213
1900
462694.109126
1901
462733.571097
1902
462773.021838
1903
462812.423677
1904
462851.802235
1905
462891.12546
1906
462930.453115
1907
462969.725638
1908
463009.001547
1909
463048.221642
1910
463087.420827
1911
463126.594958
1912
463165.738053
1913
463204.820352
1914
463243.875442
1915
463282.905552
1916
463321.917633
1917
463360.900967
1918
463399.862182
1919
463438.800914
1920
463477.718719
1921
463516.620713
1922
463555.493581
1923
463594.346549
1924
463633.183157
1925
463671.990143
1926
463710.770321
1927
463749.517745
1928
463788.23935
1929
463826.899278
1930
463865.537116
1931
463904.148699
1932
463942.733279
1933
463981.295073
1934
464019.836362
1935
464058.352498
1936
464096.813674
1937
464135.286611
1938
464173.729443
1939
464212.119054
1940
464250.48732
1941
464288.867614
1942
464327.18914
1943
464365.497724
1944
464403.782279
1945
464442.042738
1946
464480.281546
1947
464518.497084
1948
464556.72959
1949
464594.899632
1950
464633.052693
1951
464671.19132
1952
464709.306536
1953
464747.403793
1954
464785.450978
1955
464823.509936
1956
464861.518533
1957
464899.513493
1958
464937.491414
1959
464975.438602
1960
465013.37393
1961
465051.293336
1962
465089.196403
1963
465127.045803
1964
465164.909295
1965
465202.724012
1966
465240.553584
1967
465278.327765
1968
465316.1068
1969
465353.837326
1970
465391.578272
1971
465429.269261
1972
465466.892654
1973
465504.579655
1974
465542.167652
1975
465579.75746
1976
465617.287795
1977
465654.842673
1978
465692.346164
1979
465729.828012
1980
465767.272696
1981
465804.695748
1982
465842.123649
1983
465879.52787
1984
465916.900366
1985
465954.276262
1986
465991.55804
1987
466028.899005
1988
466066.150992
1989
466103.40692
1990
466140.629108
1991
466177.858461
1992
466215.048683
1993
466252.246963
1994
466289.420547
1995
466326.556519
1996
466363.695427
1997
466400.77634
1998
466437.865456
1999
466474.916322
2000
466511.965355
2001
466548.943343
2002
466585.964191
2003
466622.907123
2004
466659.875726
2005
466696.817163
2006
466733.72022
2007
466770.617136
2008
466807.48011
2009
466844.321155
2010
466881.149457
2011
466917.951936
2012
466954.652613
2013
466991.085286
2014
467027.331062
2015
467064.00117
2016
467100.327245
2017
467136.397377
2018
467172.75933
2019
467209.125846
2020
467245.470829
2021
467281.795095
2022
467318.0419
2023
467354.182852
2024
467390.482763
2025
467426.728364
2026
467462.933468
2027
467498.894816
2028
467534.523389
2029
467570.724425
2030
467606.897613
2031
467643.019938
2032
467678.757359
2033
467714.841357
2034
467750.331539
2035
467786.389501
2036
467822.126358
2037
467858.129929
2038
467893.577997
2039
467929.263403
2040
467965.079746
2041
468001.0351
2042
468036.811579
2043
468072.176244
2044
468107.770403
2045
468143.2337
2046
468178.808822
2047
468214.626475
2048
468250.068699
2049
468285.3718
2050
468320.831566
2051
468356.134847
2052
468391.580631
2053
468426.855353
2054
468461.782287
2055
468496.70511
2056
468531.811276
2057
468567.267082
2058
468602.247067
2059
468637.325655
2060
468672.706491
2061
468707.680021
2062
468742.870855
2063
468778.016055
2064
468812.740325
2065
468847.458531
2066
468882.317907
2067
468917.005318
2068
468951.672232
2069
468986.316142
2070
469020.941291
2071
469055.556916
2072
469090.151776
2073
469124.723477
2074
469159.277384
2075
469193.806293
2076
469228.304109
2077
469262.775696
2078
469297.22679
2079
469331.664076
2080
469366.134019
2081
469400.538938
2082
469434.921162
2083
469469.287561
2084
469503.635938
2085
469537.963719
2086
469572.273913
2087
469606.564151
2088
469640.832707
2089
469675.089589
2090
469709.331146
2091
469743.555161
2092
469777.769308
2093
469811.96211
2094
469846.134583
2095
469880.287467
2096
469914.4163
2097
469948.524497
2098
469982.620263
2099
470016.689011
2100
470050.742464
2101
470084.776877
2102
470118.793214
2103
470152.792037
2104
470186.776352
2105
470220.740869
2106
470254.689518
2107
470288.620028
2108
470322.523399
2109
470356.401298
2110
470390.267761
2111
470424.104155
2112
470457.927887
2113
470491.740525
2114
470525.540807
2115
470559.324105
2116
470593.09331
2117
470626.847501
2118
470660.587718
2119
470694.311883
2120
470728.019721
2121
470761.707391
2122
470795.380326
2123
470829.036334
2124
470862.676237
2125
470896.302199
2126
470929.912507
2127
470963.511842
2128
470997.096584
2129
471030.659601
2130
471064.204413
2131
471097.732549
2132
471131.242779
2133
471164.740836
2134
471198.227805
2135
471231.697018
2136
471265.145635
2137
471298.580939
2138
471332.001965
2139
471365.403163
2140
471398.794176
2141
471432.170261
2142
471465.534749
2143
471498.889285
2144
471532.229705
2145
471565.5477
2146
471598.854808
2147
471632.143382
2148
471665.420209
2149
471698.681097
2150
471731.925312
2151
471765.156666
2152
471798.380048
2153
471831.584039
2154
471864.772512
2155
471897.950639
2156
471931.111555
2157
471964.259868
2158
471997.395199
2159
472030.519266
2160
472063.631157
2161
472096.7343
2162
472129.820762
2163
472162.88948
2164
472195.946222
2165
472228.992564
2166
472262.025598
2167
472295.044127
2168
472328.046144
2169
472361.031493
2170
472394.00041
2171
472426.947107
2172
472459.880804
2173
472492.812831
2174
472525.723958
2175
472558.625071
2176
472591.515581
2177
472624.393833
2178
472657.258642
2179
472690.112224
2180
472722.951319
2181
472755.781539
2182
472788.60022
2183
472821.395301
2184
472854.17698
2185
472886.953624
2186
472919.714461
2187
472952.464266
2188
472985.207933
2189
473017.939884
2190
473050.65882
2191
473083.362421
2192
473116.047087
2193
473148.719024
2194
473181.382256
2195
473214.029876
2196
473246.670123
2197
473279.305101
2198
473311.926882
2199
473344.530971
2200
473377.119085
2201
473409.694897
2202
473442.2594
2203
473474.808864
2204
473507.341207
2205
473539.861502
2206
473572.369925
2207
473604.863683
2208
473637.340873
2209
473669.806185
2210
473702.256432
2211
473734.696984
2212
473767.125495
2213
473799.539504
2214
473831.93353
2215
473864.324072
2216
473896.694336
2217
473929.054464
2218
473961.404344
2219
473993.738664
2220
474026.061486
2221
474058.372973
2222
474090.671823
2223
474122.959841
2224
474155.241231
2225
474187.50688
2226
474219.765442
2227
474252.016482
2228
474284.251131
2229
474316.472174
2230
474348.681493
2231
474380.876901
2232
474413.055131
2233
474445.225034
2234
474477.383654
2235
474509.536228
2236
474541.677352
2237
474573.804681
2238
474605.924727
2239
474638.022853
2240
474670.111617
2241
474702.186399
2242
474734.254421
2243
474766.304813
2244
474798.341984
2245
474830.367312
2246
474862.379474
2247
474894.381589
2248
474926.377886
2249
474958.359873
2250
474990.333517
2251
475022.298251
2252
475054.251936
2253
475086.195427
2254
475118.125603
2255
475150.044639
2256
475181.953197
2257
475213.855157
2258
475245.744339
2259
475277.624265
2260
475309.494151
2261
475341.345184
2262
475373.187694
2263
475405.017021
2264
475436.836443
2265
475468.649102
2266
475500.456533
2267
475532.245304
2268
475564.022248
2269
475595.792691
2270
475627.55347
2271
475659.310623
2272
475691.059682
2273
475722.794364
2274
475754.519179
2275
475786.239092
2276
475817.944108
2277
475849.642516
2278
475881.33685
2279
475913.019358
2280
475944.692451
2281
475976.359197
2282
476008.019194
2283
476039.669948
2284
476071.318187
2285
476102.955552
2286
476134.583069
2287
476166.204411
2288
476197.816567
2289
476229.418746
2290
476261.009542
2291
476292.592858
2292
476324.169352
2293
476355.740581
2294
476387.301237
2295
476418.853157
2296
476450.398447
2297
476481.932589
2298
476513.461938
2299
476544.982154
2300
476576.49105
2301
476607.995229
2302
476639.495405
2303
476670.980733
2304
476702.465288
2305
476733.944747
2306
476765.415775
2307
476796.881483
2308
476828.336065
2309
476859.780507
2310
476891.219022
2311
476922.649232
2312
476954.067112
2313
476985.474247
2314
477016.877188
2315
477048.268482
2316
477079.651953
2317
477111.028188
2318
477142.396217
2319
477173.755017
2320
477205.115189
2321
477236.46663
2322
477267.810483
2323
477299.147808
2324
477330.478602
2325
477361.804099
2326
477393.119471
2327
477424.426801
2328
477455.728594
2329
477487.029933
2330
477518.321169
2331
477549.603619
2332
477580.87951
2333
477612.146201
2334
477643.40021
2335
477674.647508
2336
477705.887081
2337
477737.119455
2338
477768.348409
2339
477799.564585
2340
477830.77673
2341
477861.985841
2342
477893.184521
2343
477924.379346
2344
477955.569002
2345
477986.750934
2346
478017.926732
2347
478049.101266
2348
478080.257421
2349
478111.410895
2350
478142.556796
2351
478173.695865
2352
478204.830608
2353
478235.95944
2354
478267.082031
2355
478298.200657
2356
478329.317135
2357
478360.420569
2358
478391.516426
2359
478422.606689
2360
478453.690883
2361
478484.77103
2362
478515.842665
2363
478546.907461
2364
478577.963844
2365
478609.019613
2366
478640.066581
2367
478671.107866
2368
478702.147022
2369
478733.175933
2370
478764.199251
2371
478795.217864
2372
478826.229712
2373
478857.234572
2374
478888.240451
2375
478919.232119
2376
478950.222489
2377
478981.207561
2378
479012.183712
2379
479043.158051
2380
479074.124611
2381
479105.085621
2382
479136.04083
2383
479166.996097
2384
479197.944587
2385
479228.886232
2386
479259.829227
2387
479290.765612
2388
479321.690286
2389
479352.610773
2390
479383.527167
2391
479414.439976
2392
479445.344874
2393
479476.245029
2394
479507.141572
2395
479538.036277
2396
479568.923322
2397
479599.803791
2398
479630.682385
2399
479661.550179
2400
479692.409345
2401
479723.264301
2402
479754.110057
2403
479784.943495
2404
479815.769994
2405
479846.589942
2406
479877.402229
2407
479908.210692
2408
479939.008202
2409
479969.797232
2410
480000.581274
2411
480031.357429
2412
480062.126932
2413
480092.890271
2414
480123.645611
2415
480154.395368
2416
480185.136145
2417
480215.867919
2418
480246.598704
2419
480277.32301
2420
480308.040235
2421
480338.745989
2422
480369.446937
2423
480400.137469
2424
480430.823228
2425
480461.504083
2426
480492.175521
2427
480522.840627
2428
480553.507859
2429
480584.165889
2430
480614.811306
2431
480645.454386
2432
480676.085898
2433
480706.715284
2434
480737.335343
2435
480767.946327
2436
480798.550582
2437
480829.152834
2438
480859.744466
2439
480890.330009
2440
480920.911363
2441
480951.484569
2442
480982.053964
2443
481012.614786
2444
481043.16515
2445
481073.707495
2446
481104.239653
2447
481134.766192
2448
481165.282632
2449
481195.794616
2450
481226.301697
2451
481256.800307
2452
481287.292429
2453
481317.774642
2454
481348.252552
2455
481378.727303
2456
481409.197394
2457
481439.657555
2458
481470.114218
2459
481500.559115
2460
481530.996886
2461
481561.425131
2462
481591.847166
2463
481622.259569
2464
481652.668093
2465
481683.070632
2466
481713.468061
2467
481743.860557
2468
481774.242445
2469
481804.621412
2470
481834.99552
2471
481865.361972
2472
481895.72475
2473
481926.081962
2474
481956.43091
2475
481986.770835
2476
482017.104529
2477
482047.429235
2478
482077.747737
2479
482108.058353
2480
482138.35817
2481
482168.652276
2482
482198.940876
2483
482229.224419
2484
482259.501135
2485
482289.771421
2486
482320.034746
2487
482350.296615
2488
482380.554447
2489
482410.802132
2490
482441.044923
2491
482471.283268
2492
482501.514459
2493
482531.736805
2494
482561.95354
2495
482592.166929
2496
482622.377424
2497
482652.587021
2498
482682.786141
2499
482712.980515
2500
482743.169744
2501
482773.355516
2502
482803.531824
2503
482833.707063
2504
482863.866833
2505
482894.020519
2506
482924.175409
2507
482954.321962
2508
482984.462924
2509
483014.598644
2510
483044.729105
2511
483074.854763
2512
483104.976577
2513
483135.094001
2514
483165.205169
2515
483195.317848
2516
483225.421372
2517
483255.520807
2518
483285.619134
2519
483315.711953
2520
483345.806896
2521
483375.895948
2522
483405.975784
2523
483436.050766
2524
483466.125081
2525
483496.198252
2526
483526.272135
2527
483556.345221
2528
483586.413605
2529
483616.475425
2530
483646.536021
2531
483676.591435
2532
483706.643012
2533
483736.693496
2534
483766.735611
2535
483796.763983
2536
483826.790461
2537
483856.811505
2538
483886.829457
2539
483916.846871
2540
483946.859011
2541
483976.868092
2542
484006.872447
2543
484036.87445
2544
484066.873292
2545
484096.867342
2546
484126.853123
2547
484156.82872
2548
484186.804525
2549
484216.772588
2550
484246.736442
2551
484276.696935
2552
484306.651198
2553
484336.605295
2554
484366.556869
2555
484396.501596
2556
484426.444264
2557
484456.387148
2558
484486.324645
2559
484516.257227
2560
484546.190817
2561
484576.116822
2562
484606.039567
2563
484635.957619
2564
484665.87028
2565
484695.782122
2566
484725.692007
2567
484755.593247
2568
484785.493846
2569
484815.391228
2570
484845.28455
2571
484875.170156
2572
484905.048362
2573
484934.920937
2574
484964.793968
2575
484994.664262
2576
485024.530324
2577
485054.39007
2578
485084.247985
2579
485114.105617
2580
485143.956193
2581
485173.802984
2582
485203.641922
2583
485233.474218
2584
485263.301623
2585
485293.117793
2586
485322.931665
2587
485352.742728
2588
485382.549263
2589
485412.354932
2590
485442.158216
2591
485471.956292
2592
485501.751992
2593
485531.55014
2594
485561.336505
2595
485591.121162
2596
485620.904073
2597
485650.679869
2598
485680.455279
2599
485710.227201
2600
485739.994029
2601
485769.757904
2602
485799.519285
2603
485829.278712
2604
485859.032519
2605
485888.784254
2606
485918.530871
2607
485948.27526
2608
485978.02044
2609
486007.759145
2610
486037.496481
2611
486067.233409
2612
486096.968438
2613
486126.696252
2614
486156.421943
2615
486186.144824
2616
486215.862854
2617
486245.582433
2618
486275.292156
2619
486305.000972
2620
486334.708706
2621
486364.414063
2622
486394.12001
2623
486423.822612
2624
486453.523004
2625
486483.220719
2626
486512.917663
2627
486542.611673
2628
486572.301914
2629
486601.98865
2630
486631.671631
2631
486661.354622
2632
486691.032383
2633
486720.702715
2634
486750.372594
2635
486780.043444
2636
486809.710818
2637
486839.374673
2638
486869.03787
2639
486898.697423
2640
486928.355944
2641
486958.017394
2642
486987.673351
2643
487017.321923
2644
487046.970488
2645
487076.612196
2646
487106.252885
2647
487135.892024
2648
487165.528303
2649
487195.167594
2650
487224.80582
2651
487254.435909
2652
487284.06569
2653
487313.697754
2654
487343.322763
2655
487372.940761
2656
487402.556471
2657
487432.171366
2658
487461.784192
2659
487491.393313
2660
487520.997956
2661
487550.592852
2662
487580.188411
2663
487609.784626
2664
487639.375188
2665
487668.96538
2666
487698.554811
2667
487728.139869
2668
487757.719892
2669
487787.295978
2670
487816.869805
2671
487846.444181
2672
487876.017641
2673
487905.588503
2674
487935.163011
2675
487964.730949
2676
487994.296708
2677
488023.856584
2678
488053.409367
2679
488082.962878
2680
488112.513131
2681
488142.06236
2682
488171.608874
2683
488201.155927
2684
488230.699919
2685
488260.238603
2686
488289.775894
2687
488319.303007
2688
488348.827712
2689
488378.352282
2690
488407.869526
2691
488437.384511
2692
488466.898646
2693
488496.405749
2694
488525.91288
2695
488555.419795
2696
488584.922081
2697
488614.422521
2698
488643.922268
2699
488673.417404
2700
488702.909535
2701
488732.395883
2702
488761.878205
2703
488791.354537
2704
488820.830584
2705
488850.301457
2706
488879.762704
2707
488909.223008
2708
488938.679396
2709
488968.135013
2710
488997.585753
2711
489027.034385
2712
489056.480844
2713
489085.926847
2714
489115.365306
2715
489144.797715
2716
489174.227807
2717
489203.651667
2718
489233.073182
2719
489262.491514
2720
489291.904761
2721
489321.315706
2722
489350.724142
2723
489380.130729
2724
489409.531712
2725
489438.930762
2726
489468.319961
2727
489497.705952
2728
489527.092848
2729
489556.473088
2730
489585.84771
2731
489615.221574
2732
489644.587587
2733
489673.946286
2734
489703.304668
2735
489732.656318
2736
489762.005958
2737
489791.350364
2738
489820.6894
2739
489850.022926
2740
489879.356443
2741
489908.68522
2742
489938.009621
2743
489967.333458
2744
489996.65122
2745
490025.96736
2746
490055.284782
2747
490084.596315
2748
490113.905033
2749
490143.205345
2750
490172.499114
2751
490201.793853
2752
490231.082132
2753
490260.362876
2754
490289.641107
2755
490318.918502
2756
490348.193244
2757
490377.465439
2758
490406.737479
2759
490436.001302
2760
490465.261293
2761
490494.520652
2762
490523.768908
2763
490553.011908
2764
490582.252139
2765
490611.486634
2766
490640.716496
2767
490669.937878
2768
490699.153504
2769
490728.367001
2770
490757.580855
2771
490786.792161
2772
490816.000015
2773
490845.206278
2774
490874.407584
2775
490903.599183
2776
490932.787833
2777
490961.972415
2778
490991.1492
2779
491020.322605
2780
491049.488542
2781
491078.646836
2782
491107.801694
2783
491136.948904
2784
491166.093952
2785
491195.232486
2786
491224.362714
2787
491253.490522
2788
491282.615705
2789
491311.736506
2790
491340.855238
2791
491369.973605
2792
491399.087426
2793
491428.195052
2794
491457.301345
2795
491486.40095
2796
491515.492668
2797
491544.583819
2798
491573.666056
2799
491602.745077
2800
491631.823149
2801
491660.894275
2802
491689.961445
2803
491719.027394
2804
491748.088798
2805
491777.142055
2806
491806.193976
2807
491835.234945
2808
491864.27354
2809
491893.312179
2810
491922.339636
2811
491951.362567
2812
491980.384055
2813
492009.400043
2814
492038.412819
2815
492067.422438
2816
492096.422183
2817
492125.420611
2818
492154.418497
2819
492183.413578
2820
492212.403887
2821
492241.392882
2822
492270.375449
2823
492299.350321
2824
492328.324816
2825
492357.296365
2826
492386.265451
2827
492415.232087
2828
492444.185919
2829
492473.14002
2830
492502.089267
2831
492531.031183
2832
492559.972572
2833
492588.914143
2834
492617.85072
2835
492646.782778
2836
492675.713117
2837
492704.635055
2838
492733.554267
2839
492762.47546
2840
492791.391473
2841
492820.307197
2842
492849.222621
2843
492878.132788
2844
492907.043036
2845
492935.953369
2846
492964.860211
2847
492993.761475
2848
493022.660873
2849
493051.549894
2850
493080.431109
2851
493109.311934
2852
493138.189874
2853
493167.065679
2854
493195.943419
2855
493224.813852
2856
493253.682663
2857
493282.549247
2858
493311.410765
2859
493340.270562
2860
493369.125128
2861
493397.973789
2862
493426.820365
2863
493455.66398
2864
493484.507175
2865
493513.342393
2866
493542.177844
2867
493571.009312
2868
493599.838825
2869
493628.668984
2870
493657.490915
2871
493686.313664
2872
493715.135307
2873
493743.95067
2874
493772.769262
2875
493801.583583
2876
493830.393997
2877
493859.202858
2878
493888.010143
2879
493916.814167
2880
493945.614344
2881
493974.417465
2882
494003.215489
2883
494032.009815
2884
494060.806402
2885
494089.596413
2886
494118.386382
2887
494147.173191
2888
494175.954364
2889
494204.73625
2890
494233.515079
2891
494262.288488
2892
494291.061493
2893
494319.834223
2894
494348.605334
2895
494377.372852
2896
494406.13959
2897
494434.900807
2898
494463.659119
2899
494492.418378
2900
494521.170447
2901
494549.918174
2902
494578.66426
2903
494607.407697
2904
494636.151137
2905
494664.893036
2906
494693.630544
2907
494722.368928
2908
494751.107198
2909
494779.843472
2910
494808.57564
2911
494837.30634
2912
494866.032902
2913
494894.757554
2914
494923.485433
2915
494952.204594
2916
494980.924071
2917
495009.644478
2918
495038.359566
2919
495067.076901
2920
495095.791786
2921
495124.503132
2922
495153.212021
2923
495181.916984
2924
495210.621278
2925
495239.316275
2926
495268.011316
2927
495296.704123
2928
495325.394615
2929
495354.08746
2930
495382.774226
2931
495411.45837
2932
495440.139904
2933
495468.812923
2934
495497.48631
2935
495526.158015
2936
495554.825188
2937
495583.489248
2938
495612.14733
2939
495640.803303
2940
495669.454688
2941
495698.105172
2942
495726.752164
2943
495755.396048
2944
495784.040141
2945
495812.67829
2946
495841.312439
2947
495869.946285
2948
495898.577139
2949
495927.20816
2950
495955.836527
2951
495984.454683
2952
496013.070116
2953
496041.685151
2954
496070.295627
2955
496098.903015
2956
496127.508035
2957
496156.107886
2958
496184.706746
2959
496213.307658
2960
496241.897443
2961
496270.485866
2962
496299.065975
2963
496327.639257
2964
496356.212352
2965
496384.781742
2966
496413.346263
2967
496441.908965
2968
496470.469351
2969
496499.026378
2970
496527.579686
2971
496556.129754
2972
496584.675741
2973
496613.217902
2974
496641.760515
2975
496670.291372
2976
496698.819948
2977
496727.348026
2978
496755.869291
2979
496784.388183
2980
496812.90486
2981
496841.415159
2982
496869.920382
2983
496898.42488
2984
496926.925354
2985
496955.420366
2986
496983.915209
2987
497012.404192
2988
497040.88928
2989
497069.375968
2990
497097.854335
2991
497126.327607
2992
497154.799509
2993
497183.267101
2994
497211.735246
2995
497240.199966
2996
497268.66133
2997
497297.120169
2998
497325.578411
2999
497354.028653
3000
497382.473285
3001
497410.915753
3002
497439.356376
3003
497467.798196
3004
497496.238257
3005
497524.67184
3006
497553.103354
3007
497581.534168
3008
497609.957969
3009
497638.377197
3010
497666.793774
3011
497695.201083
3012
497723.605281
3013
497752.010415
3014
497780.40934
3015
497808.802452
3016
497837.192084
3017
497865.577208
3018
497893.959225
3019
497922.33472
3020
497950.703192
3021
497979.067464
3022
498007.430885
3023
498035.790473
3024
498064.150358
3025
498092.507927
3026
498120.861318
3027
498149.211022
3028
498177.558805
3029
498205.902548
3030
498234.241704
3031
498262.578226
3032
498290.909176
3033
498319.23567
3034
498347.563778
3035
498375.885075
3036
498404.206503
3037
498432.525552
3038
498460.839088
3039
498489.151424
3040
498517.459684
3041
498545.75996
3042
498574.059067
3043
498602.356638
3044
498630.653217
3045
498658.945267
3046
498687.236279
3047
498715.522782
3048
498743.806294
3049
498772.091077
3050
498800.369036
3051
498828.644175
3052
498856.916718
3053
498885.18237
3054
498913.447731
3055
498941.709971
3056
498969.966813
3057
498998.220015
3058
499026.471791
3059
499054.719263
3060
499082.960875
3061
499111.199536
3062
499139.433991
3063
499167.664357
3064
499195.894947
3065
499224.115056
3066
499252.331649
3067
499280.546747
3068
499308.755544
3069
499336.961084
3070
499365.163425
3071
499393.358232
3072
499421.550923
3073
499449.740187
3074
499477.926325
3075
499506.10802
3076
499534.288526
3077
499562.462864
3078
499590.633914
3079
499618.804681
3080
499646.967998
3081
499675.128179
3082
499703.288747
3083
499731.44417
3084
499759.595084
3085
499787.741169
3086
499815.880835
3087
499844.018001
3088
499872.151518
3089
499900.281595
3090
499928.406675
3091
499956.530863
3092
499984.647695
3093
500012.760457
3094
500040.873765
3095
500068.977852
3096
500097.081107
3097
500125.179733
3098
500153.274112
3099
500181.366166
3100
500209.453347
3101
500237.535917
3102
500265.614278
3103
500293.690891
3104
500321.764499
3105
500349.834328
3106
500377.903725
3107
500405.964487
3108
500434.022655
3109
500462.074192
3110
500490.120621
3111
500518.164332
3112
500546.202144
3113
500574.234967
3114
500602.264374
3115
500630.290807
3116
500658.310782
3117
500686.327073
3118
500714.342702
3119
500742.355712
3120
500770.362222
3121
500798.368159
3122
500826.370303
3123
500854.36697
3124
500882.365051
3125
500910.354721
3126
500938.338202
3127
500966.321043
3128
500994.297491
3129
501022.27274
3130
501050.244902
3131
501078.21256
3132
501106.177207
3133
501134.140689
3134
501162.100545
3135
501190.05753
3136
501218.016005
3137
501245.968561
3138
501273.916371
3139
501301.865069
3140
501329.808705
3141
501357.746586
3142
501385.679598
3143
501413.606985
3144
501441.533112
3145
501469.457193
3146
501497.37603
3147
501525.28831
3148
501553.196168
3149
501581.099843
3150
501608.997488
3151
501636.89239
3152
501664.782121
3153
501692.668137
3154
501720.556658
3155
501748.43956
3156
501776.320284
3157
501804.201952
3158
501832.078136
3159
501859.952243
3160
501887.823315
3161
501915.689715
3162
501943.550186
3163
501971.407184
3164
501999.263188
3165
502027.114483
3166
502054.962762
3167
502082.806424
3168
502110.647694
3169
502138.489744
3170
502166.326557
3171
502194.160544
3172
502221.994562
3173
502249.823825
3174
502277.65286
3175
502305.479905
3176
502333.303613
3177
502361.124633
3178
502388.942242
3179
502416.752848
3180
502444.559117
3181
502472.364175
3182
502500.162027
3183
502527.957477
3184
502555.752749
3185
502583.539117
3186
502611.324043
3187
502639.107083
3188
502666.884448
3189
502694.660425
3190
502722.435064
3191
502750.205958
3192
502777.975705
3193
502805.744937
3194
502833.508524
3195
502861.267428
3196
502889.027592
3197
502916.78411
3198
502944.537688
3199
502972.29401
3200
503000.042712
3201
503027.789579
3202
503055.537106
3203
503083.281068
3204
503111.021255
3205
503138.759872
3206
503166.494342
3207
503194.231068
3208
503221.968084
3209
503249.702481
3210
503277.432306
3211
503305.162325
3212
503332.887952
3213
503360.611339
3214
503388.336469
3215
503416.059032
3216
503443.781426
3217
503471.504273
3218
503499.222428
3219
503526.935574
3220
503554.648175
3221
503582.359648
3222
503610.066797
3223
503637.770905
3224
503665.473183
3225
503693.171716
3226
503720.870165
3227
503748.562836
3228
503776.253103
3229
503803.945025
3230
503831.629537
3231
503859.311988
3232
503886.996811
3233
503914.677485
3234
503942.358941
3235
503970.037249
3236
503997.712877
3237
504025.387692
3238
504053.063907
3239
504080.737893
3240
504108.410266
3241
504136.082722
3242
504163.750914
3243
504191.414876
3244
504219.080092
3245
504246.739456
3246
504274.396572
3247
504302.051634
3248
504329.698722
3249
504357.340424
3250
504384.979969
3251
504412.615693
3252
504440.246732
3253
504467.878292
3254
504495.507295
3255
504523.132182
3256
504550.754619
3257
504578.372618
3258
504605.988416
3259
504633.606045
3260
504661.21524
3261
504688.823602
3262
504716.431081
3263
504744.032915
3264
504771.634396
3265
504799.237187
3266
504826.835837
3267
504854.43024
3268
504882.024979
3269
504909.618479
3270
504937.208524
3271
504964.799009
3272
504992.382502
3273
505019.9638
3274
505047.546597
3275
505075.122939
3276
505102.695508
3277
505130.267819
3278
505157.834538
3279
505185.400589
3280
505212.962661
3281
505240.518519
3282
505268.07194
3283
505295.624761
3284
505323.172934
3285
505350.717382
3286
505378.25954
3287
505405.798465
3288
505433.336388
3289
505460.8766
3290
505488.410128
3291
505515.939413
3292
505543.468059
3293
505570.991796
3294
505598.514714
3295
505626.035155
3296
505653.549932
3297
505681.057405
3298
505708.562738
3299
505736.066255
3300
505763.56516
3301
505791.063425
3302
505818.554963
3303
505846.041912
3304
505873.532804
3305
505901.016962
3306
505928.498186
3307
505955.979062
3308
505983.45505
3309
506010.929913
3310
506038.401764
3311
506065.868948
3312
506093.334345
3313
506120.799892
3314
506148.262067
3315
506175.719828
3316
506203.17658
3317
506230.626118
3318
506258.071774
3319
506285.516599
3320
506312.953425
3321
506340.386404
3322
506367.812747
3323
506395.230836
3324
506422.647445
3325
506450.057737
3326
506477.463983
3327
506504.867082
3328
506532.271162
3329
506559.667872
3330
506587.059516
3331
506614.449322
3332
506641.834209
3333
506669.209212
3334
506696.584387
3335
506723.953286
3336
506751.319127
3337
506778.684415
3338
506806.048483
3339
506833.40889
3340
506860.767664
3341
506888.121649
3342
506915.471883
3343
506942.818838
3344
506970.157049
3345
506997.482957
3346
507024.805776
3347
507052.122367
3348
507079.436954
3349
507106.754109
3350
507134.064019
3351
507161.372771
3352
507188.679832
3353
507215.978869
3354
507243.274191
3355
507270.561529
3356
507297.843641
3357
507325.12225
3358
507352.397435
3359
507379.66739
3360
507406.931905
3361
507434.194958
3362
507461.450738
3363
507488.700432
3364
507515.949411
3365
507543.187495
3366
507570.421076
3367
507597.654572
3368
507624.881287
3369
507652.104214
3370
507679.325898
3371
507706.539965
3372
507733.750903
3373
507760.959144
3374
507788.162067
3375
507815.364743
3376
507842.563886
3377
507869.75795
3378
507896.946333
3379
507924.133534
3380
507951.31279
3381
507978.488677
3382
508005.663205
3383
508032.830843
3384
508059.995534
3385
508087.157001
3386
508114.313814
3387
508141.467735
3388
508168.618066
3389
508195.759813
3390
508222.89518
3391
508250.029148
3392
508277.157877
3393
508304.283197
3394
508331.407299
3395
508358.526192
3396
508385.638875
3397
508412.749662
3398
508439.854424
3399
508466.95612
3400
508494.05829
3401
508521.152607
3402
508548.243635
3403
508575.332729
3404
508602.415429
3405
508629.495838
3406
508656.570144
3407
508683.639334
3408
508710.705916
3409
508737.771337
3410
508764.832687
3411
508791.888787
3412
508818.943673
3413
508845.990278
3414
508873.033407
3415
508900.075902
3416
508927.111664
3417
508954.141997
3418
508981.171231
3419
509008.193927
3420
509035.214831
3421
509062.234828
3422
509089.250463
3423
509116.262436
3424
509143.272003
3425
509170.273363
3426
509197.272615
3427
509224.267806
3428
509251.257956
3429
509278.24468
3430
509305.23012
3431
509332.212126
3432
509359.187333
3433
509386.162629
3434
509413.134174
3435
509440.100866
3436
509467.066328
3437
509494.023902
3438
509520.977702
3439
509547.929502
3440
509574.877179
3441
509601.823576
3442
509628.766352
3443
509655.70589
3444
509682.641068
3445
509709.576384
3446
509736.504174
3447
509763.426887
3448
509790.347998
3449
509817.262321
3450
509844.174509
3451
509871.08322
3452
509897.985237
3453
509924.883503
3454
509951.780386
3455
509978.673153
3456
510005.558448
3457
510032.442097
3458
510059.319999
3459
510086.194794
3460
510113.067988
3461
510139.934735
3462
510166.79569
3463
510193.654753
3464
510220.50782
3465
510247.357644
3466
510274.207834
3467
510301.047679
3468
510327.883346
3469
510354.717491
3470
510381.546806
3471
510408.371768
3472
510435.192569
3473
510462.00723
3474
510488.816705
3475
510515.624693
3476
510542.426236
3477
510569.22191
3478
510596.014486
3479
510622.796167
3480
510649.573746
3481
510676.346829
3482
510703.114773
3483
510729.878898
3484
510756.638615
3485
510783.392241
3486
510810.140212
3487
510836.887901
3488
510863.625832
3489
510890.358821
3490
510917.087478
3491
510943.810665
3492
510970.528102
3493
510997.245117
3494
511023.955024
3495
511050.657852
3496
511077.35324
3497
511104.044119
3498
511130.732979
3499
511157.417841
3500
511184.094633
3501
511210.765182
3502
511237.433829
3503
511264.098549
3504
511290.757349
3505
511317.413701
3506
511344.063961
3507
511370.709938
3508
511397.35206
3509
511423.990442
3510
511450.620121
3511
511477.247677
3512
511503.867519
3513
511530.482395
3514
511557.094886
3515
511583.698587
3516
/home/jupyter-taranguiz/CSDMS_summer_2022/new_topo_Steady-5.py:152: RuntimeWarning: More than 20 figures have been opened. Figures created through the pyplot interface (`matplotlib.pyplot.figure`) are retained until explicitly closed and may consume too much memory. (To control this warning, see the rcParam `figure.max_open_warning`).
  fig = plt.figure(figsize=[8, 8])
511610.295993
3517
511636.889459
3518
511663.47615
3519
511690.058113
3520
511716.635893
3521
511743.207486
3522
511769.774242
3523
511796.337911
3524
511822.893914
3525
511849.448164
3526
511875.998589
3527
511902.542032
3528
511929.078917
3529
511955.6113
3530
511982.137711
3531
512008.658176
3532
512035.176122
3533
512061.687182
3534
512088.196669
3535
512114.705153
3536
512141.204498
3537
512167.699742
3538
512194.191471
3539
512220.676301
3540
512247.159253
3541
512273.638174
3542
512300.110401
3543
512326.57777
3544
512353.04135
3545
512379.500401
3546
512405.953494
3547
512432.405522
3548
512458.851946
3549
512485.294268
3550
512511.735342
3551
512538.172515
3552
512564.603058
3553
512591.033307
3554
512617.459321
3555
512643.881705
3556
512670.301247
3557
512696.713647
3558
512723.120455
3559
512749.527206
3560
512775.926754
3561
512802.323487
3562
512828.716252
3563
512855.103679
3564
512881.487774
3565
512907.870637
3566
512934.24854
3567
512960.626151
3568
512987.001022
3569
513013.370889
3570
513039.737815
3571
513066.103648
3572
513092.468048
3573
513118.825895
3574
513145.182453
3575
513171.534024
3576
513197.882992
3577
513224.231253
3578
513250.576655
3579
513276.916935
3580
513303.256288
3581
513329.590638
3582
513355.919727
3583
513382.24992
3584
513408.57232
3585
513434.891573
3586
513461.207022
3587
513487.516981
3588
513513.823889
3589
513540.129743
3590
513566.428297
3591
513592.724634
3592
513619.019944
3593
513645.310294
3594
513671.595053
3595
513697.875474
3596
513724.150816
3597
513750.42159
3598
513776.690048
3599
513802.954481
3600
513829.215485
3601
513855.478112
3602
513881.732489
3603
513907.983444
3604
513934.231387
3605
513960.476434
3606
513986.720456
3607
514012.956128
3608
514039.187177
3609
514065.414042
3610
514091.640116
3611
514117.865973
3612
514144.09138
3613
514170.312851
3614
514196.528929
3615
514222.741168
3616
514248.953415
3617
514275.161514
3618
514301.365433
3619
514327.568527
3620
514353.766515
3621
514379.959844
3622
514406.151565
3623
514432.339391
3624
514458.521941
3625
514484.703223
3626
514510.876464
3627
514537.044483
3628
514563.213769
3629
514589.374823
3630
514615.532221
3631
514641.690527
3632
514667.844044
3633
514693.988243
3634
514720.133147
3635
514746.270714
3636
514772.401685
3637
514798.529621
3638
514824.652886
3639
514850.772902
3640
514876.89013
3641
514903.002369
3642
514929.110819
3643
514955.216816
3644
514981.315729
3645
515007.414125
3646
515033.509159
3647
515059.598664
3648
515085.680997
3649
515111.761566
3650
515137.836653
3651
515163.906862
3652
515189.974617
3653
515216.035998
3654
515242.091352
3655
515268.145113
3656
515294.195497
3657
515320.24007
3658
515346.280271
3659
515372.31465
3660
515398.342632
3661
515424.37242
3662
515450.394192
3663
515476.413895
3664
515502.431551
3665
515528.442606
3666
515554.450484
3667
515580.455707
3668
515606.451695
3669
515632.443305
3670
515658.432296
3671
515684.413935
3672
515710.392338
3673
515736.368227
3674
515762.337976
3675
515788.301287
3676
515814.261044
3677
515840.213227
3678
515866.164221
3679
515892.111801
3680
515918.051209
3681
515943.986688
3682
515969.919301
3683
515995.846513
3684
516021.768665
3685
516047.68892
3686
516073.600826
3687
516099.508537
3688
516125.414544
3689
516151.3151
3690
516177.208206
3691
516203.09961
3692
516228.982053
3693
516254.860777
3694
516280.735657
3695
516306.602923
3696
516332.465885
3697
516358.326748
3698
516384.182621
3699
516410.034478
3700
516435.886233
3701
516461.729139
3702
516487.56762
3703
516513.404314
3704
516539.237138
3705
516565.066881
3706
516590.89062
3707
516616.707699
3708
516642.519816
3709
516668.328763
3710
516694.131839
3711
516719.929927
3712
516745.721899
3713
516771.507516
3714
516797.289162
3715
516823.068688
3716
516848.844344
3717
516874.61228
3718
516900.377515
3719
516926.136335
3720
516951.890681
3721
516977.640654
3722
517003.385891
3723
517029.123906
3724
517054.85939
3725
517080.587319
3726
517106.310428
3727
517132.031071
3728
517157.743004
3729
517183.450205
3730
517209.152339
3731
517234.845394
3732
517260.532782
3733
517286.21682
3734
517311.890564
3735
517337.559554
3736
517363.224558
3737
517388.882447
3738
517414.536721
3739
517440.181756
3740
517465.819641
3741
517491.452847
3742
517517.081863
3743
517542.704898
3744
517568.324315
3745
517593.938819
3746
517619.54662
3747
517645.150176
3748
517670.748426
3749
517696.341191
3750
517721.927847
3751
517747.511212
3752
517773.087905
3753
517798.659958
3754
517824.229946
3755
517849.789659
3756
517875.345372
3757
517900.89577
3758
517926.439787
3759
517951.977886
3760
517977.509779
3761
518003.035031
3762
518028.556068
3763
518054.073356
3764
518079.577437
3765
518105.078397
3766
518130.572842
3767
518156.058236
3768
518181.538513
3769
518207.014638
3770
518232.48634
3771
518257.950911
3772
518283.413584
3773
518308.868547
3774
518334.318473
3775
518359.76344
3776
518385.202421
3777
518410.634496
3778
518436.062935
3779
518461.484385
3780
518486.900682
3781
518512.314104
3782
518537.71961
3783
518563.120809
3784
518588.518475
3785
518613.911675
3786
518639.300006
3787
518664.68379
3788
518690.060673
3789
518715.433455
3790
518740.806367
3791
518766.167798
3792
518791.524156
3793
518816.877401
3794
518842.223504
3795
518867.564324
3796
518892.90457
3797
518918.234785
3798
518943.559793
3799
518968.881283
3800
518994.195025
3801
519019.503653
3802
519044.808888
3803
519070.102617
3804
519095.388204
3805
519120.670413
3806
519145.944746
3807
519171.215267
3808
519196.480798
3809
519221.738818
3810
519246.991303
3811
519272.240745
3812
519297.485649
3813
519322.72719
3814
519347.963444
3815
519373.191344
3816
519398.41413
3817
519423.63276
3818
519448.845099
3819
519474.051466
3820
519499.2533
3821
519524.450337
3822
519549.639975
3823
519574.824884
3824
519600.000979
3825
519625.169845
3826
519650.337865
3827
519675.497229
3828
519700.651242
3829
519725.802047
3830
519750.944945
3831
519776.084395
3832
519801.217869
3833
519826.344628
3834
519851.463404
3835
519876.578805
3836
519901.686876
3837
519926.789048
3838
519951.884687
3839
519976.973172
3840
520002.056258
3841
520027.13822
3842
520052.212688
3843
520077.280198
3844
520102.343237
3845
520127.398757
3846
520152.448971
3847
520177.495817
3848
520202.537404
3849
520227.57166
3850
520252.602396
3851
520277.622984
3852
520302.638185
3853
520327.646817
3854
520352.648882
3855
520377.643795
3856
520402.634509
3857
520427.617748
3858
520452.595648
3859
520477.572089
3860
520502.539394
3861
520527.499896
3862
520552.457039
3863
520577.406799
3864
520602.351074
3865
520627.294561
3866
520652.22782
3867
520677.155948
3868
520702.080221
3869
520726.997717
3870
520751.909969
3871
520776.819924
3872
520801.720706
3873
520826.616162
3874
520851.50652
3875
520876.39038
3876
520901.271577
3877
520926.147354
3878
520951.015312
3879
520975.875492
3880
521000.732491
3881
521025.582497
3882
521050.430784
3883
521075.273711
3884
521100.107524
3885
521124.936452
3886
521149.761863
3887
521174.581999
3888
521199.393995
3889
521224.203318
3890
521249.005731
3891
521273.802998
3892
521298.597081
3893
521323.387115
3894
521348.170214
3895
521372.950877
3896
521397.72424
3897
521422.492049
3898
521447.256612
3899
521472.015686
3900
521496.766266
3901
521521.513882
3902
521546.254725
3903
521570.989328
3904
521595.720534
3905
521620.442221
3906
521645.160316
3907
521669.871864
3908
521694.576128
3909
521719.273697
3910
521743.967803
3911
521768.656349
3912
521793.337329
3913
521818.014194
3914
521842.684664
3915
521867.351743
3916
521892.011382
3917
521916.666207
3918
521941.314978
3919
521965.957698
3920
521990.591919
3921
522015.222625
3922
522039.84168
3923
522064.455826
3924
522089.062986
3925
522113.662496
3926
522138.253914
3927
522162.840433
3928
522187.416599
3929
522211.987104
3930
522236.553455
3931
522261.111953
3932
522285.663557
3933
522310.212585
3934
522334.753801
3935
522359.289544
3936
522383.821786
3937
522408.348482
3938
522432.866849
3939
522457.381092
3940
522481.888728
3941
522506.391083
3942
522530.889967
3943
522555.381963
3944
522579.86482
3945
522604.342264
3946
522628.813512
3947
522653.279115
3948
522677.74188
3949
522702.194416
3950
522726.640133
3951
522751.082888
3952
522775.516934
3953
522799.945433
3954
522824.366222
3955
522848.779581
3956
522873.1873
3957
522897.592133
3958
522921.985002
3959
522946.373492
3960
522970.758728
3961
522995.136816
3962
523019.509193
3963
523043.88011
3964
523068.240829
3965
523092.594549
3966
523116.944732
3967
523141.287598
3968
523165.624897
3969
523189.958308
3970
523214.279063
3971
523238.5932
3972
523262.902667
3973
523287.20841
3974
523311.508413
3975
523335.803013
3976
523360.094586
3977
523384.380965
3978
523408.660762
3979
523432.937115
3980
523457.20592
3981
523481.469647
3982
523505.72787
3983
523529.978827
3984
523554.222316
3985
523578.460836
3986
523602.693525
3987
523626.916581
3988
523651.132931
3989
523675.345201
3990
523699.54997
3991
523723.748191
3992
523747.941592
3993
523772.130581
3994
523796.314755
3995
523820.495577
3996
523844.671165
3997
523868.839663
3998
523893.00661
3999
523917.166048
4000
523941.320483
4001
523965.471178
4002
523989.616461
4003
524013.753925
4004
524037.889409
4005
524062.017361
4006
524086.137035
4007
524110.252849
4008
524134.360833
4009
524158.461034
4010
524182.557581
4011
524206.645222
4012
524230.7283
4013
524254.806375
4014
524278.879835
4015
524302.947687
4016
524327.005403
4017
524351.057384
4018
524375.106181
4019
524399.146549
4020
524423.183058
4021
524447.214538
4022
524471.23784
4023
524495.254709
4024
524519.267012
4025
524543.271666
4026
524567.273321
4027
524591.26718
4028
524615.2536
4029
524639.234762
4030
524663.212006
4031
524687.181876
4032
524711.147883
4033
524735.108045
4034
524759.066907
4035
524783.019929
4036
524806.968853
4037
524830.908712
4038
524854.844086
4039
524878.773578
4040
524902.695648
4041
524926.612392
4042
524950.525735
4043
524974.430779
4044
524998.332046
4045
525022.227837
4046
525046.116173
4047
525069.9974
4048
525093.876274
4049
525117.747902
4050
525141.615021
4051
525165.476915
4052
525189.33065
4053
525213.178265
4054
525237.026212
4055
525260.867421
4056
525284.706117
4057
525308.538327
4058
525332.36514
4059
525356.185986
4060
525380.003571
4061
525403.814103
4062
525427.621149
4063
525451.418618
4064
525475.212453
4065
525499.000731
4066
525522.783782
4067
525546.562799
4068
525570.335239
4069
525594.100098
4070
525617.86165
4071
525641.618507
4072
525665.370124
4073
525689.118805
4074
525712.860982
4075
525736.595416
4076
525760.328207
4077
525784.053899
4078
525807.774504
4079
525831.490292
4080
525855.202612
4081
525878.906953
4082
525902.607763
4083
525926.301005
4084
525949.987696
4085
525973.669773
4086
525997.342756
4087
526021.008423
4088
526044.67084
4089
526068.324217
4090
526091.972123
4091
526115.616562
4092
526139.255619
4093
526162.887136
4094
526186.515783
4095
526210.136915
4096
526233.752094
4097
526257.363675
4098
526280.967171
4099
526304.561018
4100
526328.151035
4101
526351.733658
4102
526375.307894
4103
526398.875807
4104
526422.441054
4105
526445.996945
4106
526469.54535
4107
526493.090518
4108
526516.627861
4109
526540.160135
4110
526563.689305
4111
526587.213718
4112
526610.73233
4113
526634.245064
4114
526657.754078
4115
526681.253665
4116
526704.74951
4117
526728.239998
4118
526751.723109
4119
526775.200851
4120
526798.676017
4121
526822.143724
4122
526845.605816
4123
526869.058404
4124
526892.50049
4125
526915.937558
4126
526939.371595
4127
526962.796211
4128
526986.217562
4129
527009.632414
4130
527033.040629
4131
527056.443608
4132
527079.839672
4133
527103.230913
4134
527126.61904
4135
527150.002211
4136
527173.378355
4137
527196.749276
4138
527220.116962
4139
527243.477255
4140
527266.834292
4141
527290.186354
4142
527313.530911
4143
527336.873456
4144
527360.212691
4145
527383.543376
4146
527406.872936
4147
527430.197324
4148
527453.515083
4149
527476.827184
4150
527500.133231
4151
527523.435702
4152
527546.733758
4153
527570.024419
4154
527593.308732
4155
527616.588027
4156
527639.859368
4157
527663.127618
4158
527686.390532
4159
527709.644382
4160
527732.895342
4161
527756.140765
4162
527779.381996
4163
527802.619698
4164
527825.851861
4165
527849.076429
4166
527872.29329
4167
527895.502626
4168
527918.707667
4169
527941.907242
4170
527965.105364
4171
527988.292764
4172
528011.475339
4173
528034.654379
4174
528057.824982
4175
528080.990234
4176
528104.153903
4177
528127.306474
4178
528150.453526
4179
528173.595461
4180
528196.733013
4181
528219.862953
4182
528242.989809
4183
528266.111197
4184
528289.22512
4185
528312.333373
4186
528335.437947
4187
528358.533933
4188
528381.627989
4189
528404.717423
4190
528427.797509
4191
528450.872276
4192
528473.942588
4193
528497.005974
4194
528520.063614
4195
528543.115676
4196
528566.160487
4197
528589.199377
4198
528612.234385
4199
528635.261644
4200
528658.284949
4201
528681.299235
4202
528704.309512
4203
528727.313092
4204
528750.310442
4205
528773.302845
4206
528796.285865
4207
528819.261367
4208
528842.233616
4209
528865.198899
4210
528888.15788
4211
528911.113839
4212
528934.064382
4213
528957.007491
4214
528979.947047
4215
529002.878876
4216
529025.804644
4217
529048.726587
4218
529071.637871
4219
529094.5411
4220
529117.437607
4221
529140.328108
4222
529163.213543
4223
529186.090206
4224
529208.962744
4225
529231.823089
4226
529254.677967
4227
529277.529233
4228
529300.372249
4229
529323.209341
4230
529346.04444
4231
529368.869901
4232
529391.691641
4233
529414.509388
4234
529437.319033
4235
529460.122844
4236
529482.922612
4237
529505.715731
4238
529528.500631
4239
529551.278163
4240
529574.05152
4241
529596.816295
4242
529619.575063
4243
529642.327637
4244
529665.072393
4245
529687.811721
4246
529710.54686
4247
529733.273759
4248
529755.999737
4249
529778.720503
4250
529801.432845
4251
529824.136486
4252
529846.836034
4253
529869.528117
4254
529892.216223
4255
529914.896889
4256
529937.571767
4257
529960.241534
4258
529982.905338
4259
530005.56285
4260
530028.218002
4261
530050.862838
4262
530073.501075
4263
530096.135022
4264
530118.758285
4265
530141.376659
4266
530163.991044
4267
530186.59517
4268
530209.190287
4269
530231.778813
4270
530254.359874
4271
530276.935008
4272
530299.508566
4273
530322.071115
4274
530344.627828
4275
530367.181263
4276
530389.726151
4277
530412.264675
4278
530434.796648
4279
530457.32092
4280
530479.838856
4281
530502.354133
4282
530524.859482
4283
530547.356047
4284
530569.847391
4285
530592.330612
4286
530614.807631
4287
530637.280935
4288
530659.743694
4289
530682.197662
4290
530704.647545
4291
530727.089731
4292
530749.52605
4293
530771.958915
4294
530794.385588
4295
530816.804407
4296
530839.214882
4297
530861.621418
4298
530884.018765
4299
530906.41279
4300
530928.79939
4301
530951.176312
4302
530973.547168
4303
530995.911329
4304
531018.270642
4305
531040.621999
4306
531062.968649
4307
531085.309217
4308
531107.641476
4309
531129.967451
4310
531152.289404
4311
531174.603879
4312
531196.914534
4313
531219.218938
4314
531241.515809
4315
531263.806752
4316
531286.093755
4317
531308.3728
4318
531330.647721
4319
531352.916597
4320
531375.177324
4321
531397.431779
4322
531419.6801
4323
531441.924916
4324
531464.161492
4325
531486.392028
4326
531508.620601
4327
531530.83918
4328
531553.049967
4329
531575.257432
4330
531597.456248
4331
531619.649542
4332
531641.840849
4333
531664.022308
4334
531686.197735
4335
531708.369078
4336
531730.534232
4337
531752.690471
4338
531774.844006
4339
531796.98859
4340
531819.123767
4341
531841.254479
4342
531863.37665
4343
531885.492523
4344
531907.603123
4345
531929.703751
4346
531951.800335
4347
531973.890841
4348
531995.972859
4349
532018.049343
4350
532040.122174
4351
532062.187284
4352
532084.249399
4353
532106.305148
4354
532128.353081
4355
532150.394725
4356
532172.432473
4357
532194.464258
4358
532216.495085
4359
532238.519135
4360
532260.533503
4361
532282.541865
4362
532304.544363
4363
532326.539776
4364
532348.528202
4365
532370.512451
4366
532392.490868
4367
532414.461321
4368
532436.426672
4369
532458.387988
4370
532480.341299
4371
532502.290499
4372
532524.231319
4373
532546.15992
4374
532568.08368
4375
532590.004184
4376
532611.91549
4377
532633.823573
4378
532655.726087
4379
532677.620958
4380
532699.509679
4381
532721.393987
4382
532743.272112
